 63605  2236 40819 21983 14429 38732  7006 36112
 25484  6732 38904 52081 28178 37762 52025 58249
 17338 34171 38182 29828 53616  9830 40882 50924
 25042  2687 23192 12458  3734 52188  7071 14080
 46113 20924 43869  2367 52966 12010 59061 13472
 25029 34503 19748 55997 35810 23738 20166  4493
 61586   557 64384 11181 18711 19834 30053  1049
  8948 10230  3259 43888 23898 10523 42681 38631
 37781 25712 13748 20537 20390 49594 39073  5548
 28152 50256 50629  4621 32979 64563 60385 12541
  7034  7788 18432 59039  5078 18506 43197 17621
 32836 44143  2494 15170 47179  5493 15844 40878
 39498 56150 51384 41033 54353 14260 32712 53456
 30388 33387 26027 46422  5338  3703 59407 59447
 42092 31814 40022 18375 49105 57459 25807 49020
 34415 10352 30502  7346 64437 12048 59077  2313
 30065   602 59438 43601 40379  8732 24238 28466
 14649  4344 29574 63115 64324 62183 36989  7351
  7681 40698 53901 25468 15440 28564
